				[0, 0, 4420, 1045, 96, 96, 40, 45],
				[1, 0, 4516, 1045, 96, 96, 40, 45],
				[2, 0, 4612, 1045, 96, 96, 40, 45],
				[3, 0, 4708, 1045, 96, 96, 40, 45],
				[4, 0, 4804, 1045, 96, 96, 40, 45],
				[5, 0, 4900, 1045, 96, 96, 40, 45],
				[0, 1, 4420, 1142, 96, 96, 40, 45],
				[1, 1, 4516, 1142, 96, 96, 40, 45],
				[2, 1, 4612, 1142, 96, 96, 40, 45],
				[3, 1, 4708, 1142, 96, 96, 40, 45],
				[4, 1, 4804, 1142, 96, 96, 40, 45],
				[5, 1, 4900, 1142, 96, 96, 40, 45],
				[0, 2, 4420, 1239, 96, 96, 40, 45],
				[1, 2, 4516, 1239, 96, 96, 40, 45],
				[2, 2, 4612, 1239, 96, 96, 40, 45],
				[3, 2, 4708, 1239, 96, 96, 40, 45],
				[4, 2, 4804, 1239, 96, 96, 40, 45],
				[5, 2, 4900, 1239, 96, 96, 40, 45],
				[0, 3, 4420, 1336, 96, 96, 40, 45],
				[1, 3, 4516, 1336, 96, 96, 40, 45],
				[2, 3, 4612, 1336, 96, 96, 40, 45],
				[3, 3, 4708, 1336, 96, 96, 40, 45],
				[4, 3, 4804, 1336, 96, 96, 40, 45],
				[5, 3, 4900, 1336, 96, 96, 40, 45],
				[0, 4, 4420, 1433, 96, 96, 40, 45],
				[1, 4, 4516, 1433, 96, 96, 40, 45],
				[2, 4, 4612, 1433, 96, 96, 40, 45],
				[3, 4, 4708, 1433, 96, 96, 40, 45],
				[4, 4, 4804, 1433, 96, 96, 40, 45],
				[5, 4, 4900, 1433, 96, 96, 40, 45],
				[0, 5, 4420, 1530, 96, 96, 40, 45],
				[1, 5, 4516, 1530, 96, 96, 40, 45],
				[2, 5, 4612, 1530, 96, 96, 40, 45],
				[3, 5, 4708, 1530, 96, 96, 40, 45],
				[4, 5, 4804, 1530, 96, 96, 40, 45],
				[5, 5, 4900, 1530, 96, 96, 40, 45],
				[0, 6, 4420, 1627, 96, 96, 40, 45],
				[1, 6, 4516, 1627, 96, 96, 40, 45],
				[2, 6, 4612, 1627, 96, 96, 40, 45],
				[3, 6, 4708, 1627, 96, 96, 40, 45],
				[4, 6, 4804, 1627, 96, 96, 40, 45],
				[5, 6, 4900, 1627, 96, 96, 40, 45],
				[0, 7, 4420, 1724, 96, 96, 40, 45],
				[1, 7, 4516, 1724, 96, 96, 40, 45],
				[2, 7, 4612, 1724, 96, 96, 40, 45],
				[3, 7, 4708, 1724, 96, 96, 40, 45],
				[4, 7, 4804, 1724, 96, 96, 40, 45],
				[5, 7, 4900, 1724, 96, 96, 40, 45],
